1 2 11 437 
2 1 3 12 438 
3 2 4 13 439 
4 3 5 14 440 
5 4 6 15 441 
6 5 7 16 442 
7 6 8 17 443 
8 7 9 18 444 
9 8 10 19 445 
10 9 20 446 
11 1 12 21 447 
12 2 11 13 22 448 
13 3 12 14 23 449 
14 4 13 15 24 450 
15 5 14 16 25 451 
16 6 15 17 26 452 
17 7 16 18 27 453 
18 8 17 19 28 454 
19 9 18 20 29 455 
20 10 19 30 456 
21 11 22 31 457 
22 12 21 23 32 458 
23 13 22 24 33 459 
24 14 23 25 34 35 460 
25 15 24 26 38 39 461 
26 16 25 27 48 49 462 
27 17 26 28 58 59 463 
28 18 27 29 62 464 
29 19 28 30 63 465 
30 20 29 64 466 
31 21 32 65 467 
32 22 31 33 66 468 
33 23 32 34 36 67 469 
34 24 33 35 36 470 
35 24 34 37 38 471 
36 33 34 37 68 472 
37 35 36 40 42 69 70 473 
38 25 35 39 40 41 474 
39 25 38 44 45 48 475 
40 37 38 41 42 476 
41 38 40 43 44 477 
42 37 40 43 78 79 478 
43 41 42 46 82 83 479 
44 39 41 45 46 480 
45 39 44 47 50 481 
46 43 44 47 94 95 482 
47 45 46 52 98 99 483 
48 26 39 49 50 51 484 
49 26 48 54 55 58 485 
50 45 48 51 52 486 
51 48 50 53 54 487 
52 47 50 53 142 143 488 
53 51 52 56 146 147 489 
54 49 51 55 56 490 
55 49 54 57 60 491 
56 53 54 57 158 159 492 
57 55 56 60 162 163 493 
58 27 49 59 60 494 
59 27 58 61 62 495 
60 55 57 58 61 206 207 496 
61 59 60 62 210 497 
62 28 59 61 63 216 498 
63 29 62 64 217 499 
64 30 63 218 500 
65 31 66 219 501 
66 32 65 67 220 502 
67 33 66 68 73 221 503 
68 36 67 69 71 73 504 
69 37 68 70 71 505 
70 37 69 72 78 80 506 
71 68 69 72 74 507 
72 70 71 75 86 88 508 
73 67 68 74 76 222 509 
74 71 73 75 76 510 
75 72 74 77 110 112 511 
76 73 74 77 223 512 
77 75 76 118 120 224 513 
78 42 70 79 80 514 
79 42 78 81 82 515 
80 70 78 81 86 516 
81 79 80 84 87 517 
82 43 79 83 84 518 
83 43 82 85 94 519 
84 81 82 85 90 520 
85 83 84 91 96 521 
86 72 80 87 88 522 
87 81 86 89 90 523 
88 72 86 89 110 524 
89 87 88 92 111 525 
90 84 87 91 92 526 
91 85 90 93 102 527 
92 89 90 93 114 528 
93 91 92 104 115 529 
94 46 83 95 96 530 
95 46 94 97 98 531 
96 85 94 97 102 532 
97 95 96 100 103 533 
98 47 95 99 100 534 
99 47 98 101 142 535 
100 97 98 101 106 536 
101 99 100 107 144 537 
102 91 96 103 104 538 
103 97 102 105 106 539 
104 93 102 105 126 540 
105 103 104 108 127 541 
106 100 103 107 108 542 
107 101 106 109 150 543 
108 105 106 109 130 544 
109 107 108 131 152 545 
110 75 88 111 112 546 
111 89 110 113 114 547 
112 75 110 113 118 548 
113 111 112 116 119 549 
114 92 111 115 116 550 
115 93 114 117 126 551 
116 113 114 117 122 552 
117 115 116 123 128 553 
118 77 112 119 120 554 
119 113 118 121 122 555 
120 77 118 121 232 556 
121 119 120 124 233 557 
122 116 119 123 124 558 
123 117 122 125 134 559 
124 121 122 125 236 560 
125 123 124 136 237 561 
126 104 115 127 128 562 
127 105 126 129 130 563 
128 117 126 129 134 564 
129 127 128 132 135 565 
130 108 127 131 132 566 
131 109 130 133 174 567 
132 129 130 133 138 568 
133 131 132 139 176 569 
134 123 128 135 136 570 
135 129 134 137 138 571 
136 125 134 137 248 572 
137 135 136 140 249 573 
138 132 135 139 140 574 
139 133 138 141 182 575 
140 137 138 141 252 576 
141 139 140 184 253 577 
142 52 99 143 144 578 
143 52 142 145 146 579 
144 101 142 145 150 580 
145 143 144 148 151 581 
146 53 143 147 148 582 
147 53 146 149 158 583 
148 145 146 149 154 584 
149 147 148 155 160 585 
150 107 144 151 152 586 
151 145 150 153 154 587 
152 109 150 153 174 588 
153 151 152 156 175 589 
154 148 151 155 156 590 
155 149 154 157 166 591 
156 153 154 157 178 592 
157 155 156 168 179 593 
158 56 147 159 160 594 
159 56 158 161 162 595 
160 149 158 161 166 596 
161 159 160 164 167 597 
162 57 159 163 164 598 
163 57 162 165 206 599 
164 161 162 165 170 600 
165 163 164 171 206 601 
166 155 160 167 168 602 
167 161 166 169 170 603 
168 157 166 169 190 604 
169 167 168 172 191 605 
170 164 167 171 172 606 
171 165 170 173 208 607 
172 169 170 173 194 608 
173 171 172 195 208 609 
174 131 152 175 176 610 
175 153 174 177 178 611 
176 133 174 177 182 612 
177 175 176 180 183 613 
178 156 175 179 180 614 
179 157 178 181 190 615 
180 177 178 181 186 616 
181 179 180 187 192 617 
182 139 176 183 184 618 
183 177 182 185 186 619 
184 141 182 185 296 620 
185 183 184 188 297 621 
186 180 183 187 188 622 
187 181 186 189 198 623 
188 185 186 189 300 624 
189 187 188 200 301 625 
190 168 179 191 192 626 
191 169 190 193 194 627 
192 181 190 193 198 628 
193 191 192 196 199 629 
194 172 191 195 196 630 
195 173 194 197 211 631 
196 193 194 197 202 632 
197 195 196 203 211 633 
198 187 192 199 200 634 
199 193 198 201 202 635 
200 189 198 201 312 636 
201 199 200 204 313 637 
202 196 199 203 204 638 
203 197 202 205 213 639 
204 201 202 205 316 640 
205 203 204 213 317 641 
206 60 163 165 207 208 642 
207 60 206 209 210 643 
208 171 173 206 209 211 644 
209 207 208 210 212 645 
210 61 207 209 215 216 646 
211 195 197 208 212 213 647 
212 209 211 214 215 648 
213 203 205 211 214 360 649 
214 212 213 215 361 650 
215 210 212 214 216 364 651 
216 62 210 215 217 370 652 
217 63 216 218 371 653 
218 64 217 372 654 
219 65 220 373 655 
220 66 219 221 374 656 
221 67 220 222 227 375 657 
222 73 221 223 225 227 658 
223 76 222 224 225 659 
224 77 223 226 232 234 660 
225 222 223 226 228 661 
226 224 225 229 240 242 662 
227 221 222 228 230 376 663 
228 225 227 229 230 664 
229 226 228 231 264 266 665 
230 227 228 231 377 666 
231 229 230 272 274 377 667 
232 120 224 233 234 668 
233 121 232 235 236 669 
234 224 232 235 240 670 
235 233 234 238 241 671 
236 124 233 237 238 672 
237 125 236 239 248 673 
238 235 236 239 244 674 
239 237 238 245 250 675 
240 226 234 241 242 676 
241 235 240 243 244 677 
242 226 240 243 264 678 
243 241 242 246 265 679 
244 238 241 245 246 680 
245 239 244 247 256 681 
246 243 244 247 268 682 
247 245 246 258 269 683 
248 136 237 249 250 684 
249 137 248 251 252 685 
250 239 248 251 256 686 
251 249 250 254 257 687 
252 140 249 253 254 688 
253 141 252 255 296 689 
254 251 252 255 260 690 
255 253 254 261 298 691 
256 245 250 257 258 692 
257 251 256 259 260 693 
258 247 256 259 280 694 
259 257 258 262 281 695 
260 254 257 261 262 696 
261 255 260 263 304 697 
262 259 260 263 284 698 
263 261 262 285 306 699 
264 229 242 265 266 700 
265 243 264 267 268 701 
266 229 264 267 272 702 
267 265 266 270 273 703 
268 246 265 269 270 704 
269 247 268 271 280 705 
270 267 268 271 276 706 
271 269 270 277 282 707 
272 231 266 273 274 708 
273 267 272 275 276 709 
274 231 272 275 380 710 
275 273 274 278 380 711 
276 270 273 277 278 712 
277 271 276 279 288 713 
278 275 276 279 381 714 
279 277 278 290 381 715 
280 258 269 281 282 716 
281 259 280 283 284 717 
282 271 280 283 288 718 
283 281 282 286 289 719 
284 262 281 285 286 720 
285 263 284 287 328 721 
286 283 284 287 292 722 
287 285 286 293 330 723 
288 277 282 289 290 724 
289 283 288 291 292 725 
290 279 288 291 384 726 
291 289 290 294 384 727 
292 286 289 293 294 728 
293 287 292 295 336 729 
294 291 292 295 385 730 
295 293 294 338 385 731 
296 184 253 297 298 732 
297 185 296 299 300 733 
298 255 296 299 304 734 
299 297 298 302 305 735 
300 188 297 301 302 736 
301 189 300 303 312 737 
302 299 300 303 308 738 
303 301 302 309 314 739 
304 261 298 305 306 740 
305 299 304 307 308 741 
306 263 304 307 328 742 
307 305 306 310 329 743 
308 302 305 309 310 744 
309 303 308 311 320 745 
310 307 308 311 332 746 
311 309 310 322 333 747 
312 200 301 313 314 748 
313 201 312 315 316 749 
314 303 312 315 320 750 
315 313 314 318 321 751 
316 204 313 317 318 752 
317 205 316 319 360 753 
318 315 316 319 324 754 
319 317 318 325 360 755 
320 309 314 321 322 756 
321 315 320 323 324 757 
322 311 320 323 344 758 
323 321 322 326 345 759 
324 318 321 325 326 760 
325 319 324 327 362 761 
326 323 324 327 348 762 
327 325 326 349 362 763 
328 285 306 329 330 764 
329 307 328 331 332 765 
330 287 328 331 336 766 
331 329 330 334 337 767 
332 310 329 333 334 768 
333 311 332 335 344 769 
334 331 332 335 340 770 
335 333 334 341 346 771 
336 293 330 337 338 772 
337 331 336 339 340 773 
338 295 336 339 390 774 
339 337 338 342 390 775 
340 334 337 341 342 776 
341 335 340 343 352 777 
342 339 340 343 391 778 
343 341 342 354 391 779 
344 322 333 345 346 780 
345 323 344 347 348 781 
346 335 344 347 352 782 
347 345 346 350 353 783 
348 326 345 349 350 784 
349 327 348 351 365 785 
350 347 348 351 356 786 
351 349 350 357 365 787 
352 341 346 353 354 788 
353 347 352 355 356 789 
354 343 352 355 394 790 
355 353 354 358 394 791 
356 350 353 357 358 792 
357 351 356 359 367 793 
358 355 356 359 395 794 
359 357 358 367 395 795 
360 213 317 319 361 362 796 
361 214 360 363 364 797 
362 325 327 360 363 365 798 
363 361 362 364 366 799 
364 215 361 363 369 370 800 
365 349 351 362 366 367 801 
366 363 365 368 369 802 
367 357 359 365 368 400 803 
368 366 367 369 400 804 
369 364 366 368 370 401 805 
370 216 364 369 371 404 806 
371 217 370 372 405 807 
372 218 371 406 808 
373 219 374 407 809 
374 220 373 375 408 810 
375 221 374 376 378 409 811 
376 227 375 377 378 812 
377 230 231 376 379 380 382 813 
378 375 376 379 410 814 
379 377 378 388 410 815 
380 274 275 377 381 382 816 
381 278 279 380 383 384 817 
382 377 380 383 388 818 
383 381 382 386 388 819 
384 290 291 381 385 386 820 
385 294 295 384 387 390 821 
386 383 384 387 389 822 
387 385 386 389 392 823 
388 379 382 383 389 411 824 
389 386 387 388 398 411 825 
390 338 339 385 391 392 826 
391 342 343 390 393 394 827 
392 387 390 393 398 828 
393 391 392 396 398 829 
394 354 355 391 395 396 830 
395 358 359 394 397 400 831 
396 393 394 397 399 832 
397 395 396 399 400 833 
398 389 392 393 399 412 834 
399 396 397 398 402 412 835 
400 367 368 395 397 401 402 836 
401 369 400 403 404 837 
402 399 400 403 413 838 
403 401 402 404 413 839 
404 370 401 403 405 414 840 
405 371 404 406 415 841 
406 372 405 416 842 
407 373 408 417 843 
408 374 407 409 418 844 
409 375 408 410 419 845 
410 378 379 409 411 420 846 
411 388 389 410 412 421 847 
412 398 399 411 413 422 848 
413 402 403 412 414 423 849 
414 404 413 415 424 850 
415 405 414 416 425 851 
416 406 415 426 852 
417 407 418 427 853 
418 408 417 419 428 854 
419 409 418 420 429 855 
420 410 419 421 430 856 
421 411 420 422 431 857 
422 412 421 423 432 858 
423 413 422 424 433 859 
424 414 423 425 434 860 
425 415 424 426 435 861 
426 416 425 436 862 
427 417 428 863 
428 418 427 429 864 
429 419 428 430 865 
430 420 429 431 866 
431 421 430 432 867 
432 422 431 433 868 
433 423 432 434 869 
434 424 433 435 870 
435 425 434 436 871 
436 426 435 872 
437 1 438 447 873 
438 2 437 439 448 874 
439 3 438 440 449 875 
440 4 439 441 450 876 
441 5 440 442 451 877 
442 6 441 443 452 878 
443 7 442 444 453 879 
444 8 443 445 454 880 
445 9 444 446 455 881 
446 10 445 456 882 
447 11 437 448 457 883 
448 12 438 447 449 458 884 
449 13 439 448 450 459 885 
450 14 440 449 451 460 886 
451 15 441 450 452 461 887 
452 16 442 451 453 462 888 
453 17 443 452 454 463 889 
454 18 444 453 455 464 890 
455 19 445 454 456 465 891 
456 20 446 455 466 892 
457 21 447 458 467 893 
458 22 448 457 459 468 894 
459 23 449 458 460 469 895 
460 24 450 459 461 470 471 896 
461 25 451 460 462 474 475 897 
462 26 452 461 463 484 485 898 
463 27 453 462 464 494 495 899 
464 28 454 463 465 498 900 
465 29 455 464 466 499 901 
466 30 456 465 500 902 
467 31 457 468 501 903 
468 32 458 467 469 502 904 
469 33 459 468 470 472 503 905 
470 34 460 469 471 472 906 
471 35 460 470 473 474 907 
472 36 469 470 473 504 908 
473 37 471 472 476 478 505 506 909 
474 38 461 471 475 476 477 910 
475 39 461 474 480 481 484 911 
476 40 473 474 477 478 912 
477 41 474 476 479 480 913 
478 42 473 476 479 514 515 914 
479 43 477 478 482 518 519 915 
480 44 475 477 481 482 916 
481 45 475 480 483 486 917 
482 46 479 480 483 530 531 918 
483 47 481 482 488 534 535 919 
484 48 462 475 485 486 487 920 
485 49 462 484 490 491 494 921 
486 50 481 484 487 488 922 
487 51 484 486 489 490 923 
488 52 483 486 489 578 579 924 
489 53 487 488 492 582 583 925 
490 54 485 487 491 492 926 
491 55 485 490 493 496 927 
492 56 489 490 493 594 595 928 
493 57 491 492 496 598 599 929 
494 58 463 485 495 496 930 
495 59 463 494 497 498 931 
496 60 491 493 494 497 642 643 932 
497 61 495 496 498 646 933 
498 62 464 495 497 499 652 934 
499 63 465 498 500 653 935 
500 64 466 499 654 936 
501 65 467 502 655 937 
502 66 468 501 503 656 938 
503 67 469 502 504 509 657 939 
504 68 472 503 505 507 509 940 
505 69 473 504 506 507 941 
506 70 473 505 508 514 516 942 
507 71 504 505 508 510 943 
508 72 506 507 511 522 524 944 
509 73 503 504 510 512 658 945 
510 74 507 509 511 512 946 
511 75 508 510 513 546 548 947 
512 76 509 510 513 659 948 
513 77 511 512 554 556 660 949 
514 78 478 506 515 516 950 
515 79 478 514 517 518 951 
516 80 506 514 517 522 952 
517 81 515 516 520 523 953 
518 82 479 515 519 520 954 
519 83 479 518 521 530 955 
520 84 517 518 521 526 956 
521 85 519 520 527 532 957 
522 86 508 516 523 524 958 
523 87 517 522 525 526 959 
524 88 508 522 525 546 960 
525 89 523 524 528 547 961 
526 90 520 523 527 528 962 
527 91 521 526 529 538 963 
528 92 525 526 529 550 964 
529 93 527 528 540 551 965 
530 94 482 519 531 532 966 
531 95 482 530 533 534 967 
532 96 521 530 533 538 968 
533 97 531 532 536 539 969 
534 98 483 531 535 536 970 
535 99 483 534 537 578 971 
536 100 533 534 537 542 972 
537 101 535 536 543 580 973 
538 102 527 532 539 540 974 
539 103 533 538 541 542 975 
540 104 529 538 541 562 976 
541 105 539 540 544 563 977 
542 106 536 539 543 544 978 
543 107 537 542 545 586 979 
544 108 541 542 545 566 980 
545 109 543 544 567 588 981 
546 110 511 524 547 548 982 
547 111 525 546 549 550 983 
548 112 511 546 549 554 984 
549 113 547 548 552 555 985 
550 114 528 547 551 552 986 
551 115 529 550 553 562 987 
552 116 549 550 553 558 988 
553 117 551 552 559 564 989 
554 118 513 548 555 556 990 
555 119 549 554 557 558 991 
556 120 513 554 557 668 992 
557 121 555 556 560 669 993 
558 122 552 555 559 560 994 
559 123 553 558 561 570 995 
560 124 557 558 561 672 996 
561 125 559 560 572 673 997 
562 126 540 551 563 564 998 
563 127 541 562 565 566 999 
564 128 553 562 565 570 1000 
565 129 563 564 568 571 1001 
566 130 544 563 567 568 1002 
567 131 545 566 569 610 1003 
568 132 565 566 569 574 1004 
569 133 567 568 575 612 1005 
570 134 559 564 571 572 1006 
571 135 565 570 573 574 1007 
572 136 561 570 573 684 1008 
573 137 571 572 576 685 1009 
574 138 568 571 575 576 1010 
575 139 569 574 577 618 1011 
576 140 573 574 577 688 1012 
577 141 575 576 620 689 1013 
578 142 488 535 579 580 1014 
579 143 488 578 581 582 1015 
580 144 537 578 581 586 1016 
581 145 579 580 584 587 1017 
582 146 489 579 583 584 1018 
583 147 489 582 585 594 1019 
584 148 581 582 585 590 1020 
585 149 583 584 591 596 1021 
586 150 543 580 587 588 1022 
587 151 581 586 589 590 1023 
588 152 545 586 589 610 1024 
589 153 587 588 592 611 1025 
590 154 584 587 591 592 1026 
591 155 585 590 593 602 1027 
592 156 589 590 593 614 1028 
593 157 591 592 604 615 1029 
594 158 492 583 595 596 1030 
595 159 492 594 597 598 1031 
596 160 585 594 597 602 1032 
597 161 595 596 600 603 1033 
598 162 493 595 599 600 1034 
599 163 493 598 601 642 1035 
600 164 597 598 601 606 1036 
601 165 599 600 607 642 1037 
602 166 591 596 603 604 1038 
603 167 597 602 605 606 1039 
604 168 593 602 605 626 1040 
605 169 603 604 608 627 1041 
606 170 600 603 607 608 1042 
607 171 601 606 609 644 1043 
608 172 605 606 609 630 1044 
609 173 607 608 631 644 1045 
610 174 567 588 611 612 1046 
611 175 589 610 613 614 1047 
612 176 569 610 613 618 1048 
613 177 611 612 616 619 1049 
614 178 592 611 615 616 1050 
615 179 593 614 617 626 1051 
616 180 613 614 617 622 1052 
617 181 615 616 623 628 1053 
618 182 575 612 619 620 1054 
619 183 613 618 621 622 1055 
620 184 577 618 621 732 1056 
621 185 619 620 624 733 1057 
622 186 616 619 623 624 1058 
623 187 617 622 625 634 1059 
624 188 621 622 625 736 1060 
625 189 623 624 636 737 1061 
626 190 604 615 627 628 1062 
627 191 605 626 629 630 1063 
628 192 617 626 629 634 1064 
629 193 627 628 632 635 1065 
630 194 608 627 631 632 1066 
631 195 609 630 633 647 1067 
632 196 629 630 633 638 1068 
633 197 631 632 639 647 1069 
634 198 623 628 635 636 1070 
635 199 629 634 637 638 1071 
636 200 625 634 637 748 1072 
637 201 635 636 640 749 1073 
638 202 632 635 639 640 1074 
639 203 633 638 641 649 1075 
640 204 637 638 641 752 1076 
641 205 639 640 649 753 1077 
642 206 496 599 601 643 644 1078 
643 207 496 642 645 646 1079 
644 208 607 609 642 645 647 1080 
645 209 643 644 646 648 1081 
646 210 497 643 645 651 652 1082 
647 211 631 633 644 648 649 1083 
648 212 645 647 650 651 1084 
649 213 639 641 647 650 796 1085 
650 214 648 649 651 797 1086 
651 215 646 648 650 652 800 1087 
652 216 498 646 651 653 806 1088 
653 217 499 652 654 807 1089 
654 218 500 653 808 1090 
655 219 501 656 809 1091 
656 220 502 655 657 810 1092 
657 221 503 656 658 663 811 1093 
658 222 509 657 659 661 663 1094 
659 223 512 658 660 661 1095 
660 224 513 659 662 668 670 1096 
661 225 658 659 662 664 1097 
662 226 660 661 665 676 678 1098 
663 227 657 658 664 666 812 1099 
664 228 661 663 665 666 1100 
665 229 662 664 667 700 702 1101 
666 230 663 664 667 813 1102 
667 231 665 666 708 710 813 1103 
668 232 556 660 669 670 1104 
669 233 557 668 671 672 1105 
670 234 660 668 671 676 1106 
671 235 669 670 674 677 1107 
672 236 560 669 673 674 1108 
673 237 561 672 675 684 1109 
674 238 671 672 675 680 1110 
675 239 673 674 681 686 1111 
676 240 662 670 677 678 1112 
677 241 671 676 679 680 1113 
678 242 662 676 679 700 1114 
679 243 677 678 682 701 1115 
680 244 674 677 681 682 1116 
681 245 675 680 683 692 1117 
682 246 679 680 683 704 1118 
683 247 681 682 694 705 1119 
684 248 572 673 685 686 1120 
685 249 573 684 687 688 1121 
686 250 675 684 687 692 1122 
687 251 685 686 690 693 1123 
688 252 576 685 689 690 1124 
689 253 577 688 691 732 1125 
690 254 687 688 691 696 1126 
691 255 689 690 697 734 1127 
692 256 681 686 693 694 1128 
693 257 687 692 695 696 1129 
694 258 683 692 695 716 1130 
695 259 693 694 698 717 1131 
696 260 690 693 697 698 1132 
697 261 691 696 699 740 1133 
698 262 695 696 699 720 1134 
699 263 697 698 721 742 1135 
700 264 665 678 701 702 1136 
701 265 679 700 703 704 1137 
702 266 665 700 703 708 1138 
703 267 701 702 706 709 1139 
704 268 682 701 705 706 1140 
705 269 683 704 707 716 1141 
706 270 703 704 707 712 1142 
707 271 705 706 713 718 1143 
708 272 667 702 709 710 1144 
709 273 703 708 711 712 1145 
710 274 667 708 711 816 1146 
711 275 709 710 714 816 1147 
712 276 706 709 713 714 1148 
713 277 707 712 715 724 1149 
714 278 711 712 715 817 1150 
715 279 713 714 726 817 1151 
716 280 694 705 717 718 1152 
717 281 695 716 719 720 1153 
718 282 707 716 719 724 1154 
719 283 717 718 722 725 1155 
720 284 698 717 721 722 1156 
721 285 699 720 723 764 1157 
722 286 719 720 723 728 1158 
723 287 721 722 729 766 1159 
724 288 713 718 725 726 1160 
725 289 719 724 727 728 1161 
726 290 715 724 727 820 1162 
727 291 725 726 730 820 1163 
728 292 722 725 729 730 1164 
729 293 723 728 731 772 1165 
730 294 727 728 731 821 1166 
731 295 729 730 774 821 1167 
732 296 620 689 733 734 1168 
733 297 621 732 735 736 1169 
734 298 691 732 735 740 1170 
735 299 733 734 738 741 1171 
736 300 624 733 737 738 1172 
737 301 625 736 739 748 1173 
738 302 735 736 739 744 1174 
739 303 737 738 745 750 1175 
740 304 697 734 741 742 1176 
741 305 735 740 743 744 1177 
742 306 699 740 743 764 1178 
743 307 741 742 746 765 1179 
744 308 738 741 745 746 1180 
745 309 739 744 747 756 1181 
746 310 743 744 747 768 1182 
747 311 745 746 758 769 1183 
748 312 636 737 749 750 1184 
749 313 637 748 751 752 1185 
750 314 739 748 751 756 1186 
751 315 749 750 754 757 1187 
752 316 640 749 753 754 1188 
753 317 641 752 755 796 1189 
754 318 751 752 755 760 1190 
755 319 753 754 761 796 1191 
756 320 745 750 757 758 1192 
757 321 751 756 759 760 1193 
758 322 747 756 759 780 1194 
759 323 757 758 762 781 1195 
760 324 754 757 761 762 1196 
761 325 755 760 763 798 1197 
762 326 759 760 763 784 1198 
763 327 761 762 785 798 1199 
764 328 721 742 765 766 1200 
765 329 743 764 767 768 1201 
766 330 723 764 767 772 1202 
767 331 765 766 770 773 1203 
768 332 746 765 769 770 1204 
769 333 747 768 771 780 1205 
770 334 767 768 771 776 1206 
771 335 769 770 777 782 1207 
772 336 729 766 773 774 1208 
773 337 767 772 775 776 1209 
774 338 731 772 775 826 1210 
775 339 773 774 778 826 1211 
776 340 770 773 777 778 1212 
777 341 771 776 779 788 1213 
778 342 775 776 779 827 1214 
779 343 777 778 790 827 1215 
780 344 758 769 781 782 1216 
781 345 759 780 783 784 1217 
782 346 771 780 783 788 1218 
783 347 781 782 786 789 1219 
784 348 762 781 785 786 1220 
785 349 763 784 787 801 1221 
786 350 783 784 787 792 1222 
787 351 785 786 793 801 1223 
788 352 777 782 789 790 1224 
789 353 783 788 791 792 1225 
790 354 779 788 791 830 1226 
791 355 789 790 794 830 1227 
792 356 786 789 793 794 1228 
793 357 787 792 795 803 1229 
794 358 791 792 795 831 1230 
795 359 793 794 803 831 1231 
796 360 649 753 755 797 798 1232 
797 361 650 796 799 800 1233 
798 362 761 763 796 799 801 1234 
799 363 797 798 800 802 1235 
800 364 651 797 799 805 806 1236 
801 365 785 787 798 802 803 1237 
802 366 799 801 804 805 1238 
803 367 793 795 801 804 836 1239 
804 368 802 803 805 836 1240 
805 369 800 802 804 806 837 1241 
806 370 652 800 805 807 840 1242 
807 371 653 806 808 841 1243 
808 372 654 807 842 1244 
809 373 655 810 843 1245 
810 374 656 809 811 844 1246 
811 375 657 810 812 814 845 1247 
812 376 663 811 813 814 1248 
813 377 666 667 812 815 816 818 1249 
814 378 811 812 815 846 1250 
815 379 813 814 824 846 1251 
816 380 710 711 813 817 818 1252 
817 381 714 715 816 819 820 1253 
818 382 813 816 819 824 1254 
819 383 817 818 822 824 1255 
820 384 726 727 817 821 822 1256 
821 385 730 731 820 823 826 1257 
822 386 819 820 823 825 1258 
823 387 821 822 825 828 1259 
824 388 815 818 819 825 847 1260 
825 389 822 823 824 834 847 1261 
826 390 774 775 821 827 828 1262 
827 391 778 779 826 829 830 1263 
828 392 823 826 829 834 1264 
829 393 827 828 832 834 1265 
830 394 790 791 827 831 832 1266 
831 395 794 795 830 833 836 1267 
832 396 829 830 833 835 1268 
833 397 831 832 835 836 1269 
834 398 825 828 829 835 848 1270 
835 399 832 833 834 838 848 1271 
836 400 803 804 831 833 837 838 1272 
837 401 805 836 839 840 1273 
838 402 835 836 839 849 1274 
839 403 837 838 840 849 1275 
840 404 806 837 839 841 850 1276 
841 405 807 840 842 851 1277 
842 406 808 841 852 1278 
843 407 809 844 853 1279 
844 408 810 843 845 854 1280 
845 409 811 844 846 855 1281 
846 410 814 815 845 847 856 1282 
847 411 824 825 846 848 857 1283 
848 412 834 835 847 849 858 1284 
849 413 838 839 848 850 859 1285 
850 414 840 849 851 860 1286 
851 415 841 850 852 861 1287 
852 416 842 851 862 1288 
853 417 843 854 863 1289 
854 418 844 853 855 864 1290 
855 419 845 854 856 865 1291 
856 420 846 855 857 866 1292 
857 421 847 856 858 867 1293 
858 422 848 857 859 868 1294 
859 423 849 858 860 869 1295 
860 424 850 859 861 870 1296 
861 425 851 860 862 871 1297 
862 426 852 861 872 1298 
863 427 853 864 1299 
864 428 854 863 865 1300 
865 429 855 864 866 1301 
866 430 856 865 867 1302 
867 431 857 866 868 1303 
868 432 858 867 869 1304 
869 433 859 868 870 1305 
870 434 860 869 871 1306 
871 435 861 870 872 1307 
872 436 862 871 1308 
873 437 874 883 
874 438 873 875 884 
875 439 874 876 885 
876 440 875 877 886 
877 441 876 878 887 
878 442 877 879 888 
879 443 878 880 889 
880 444 879 881 890 
881 445 880 882 891 
882 446 881 892 
883 447 873 884 893 
884 448 874 883 885 894 
885 449 875 884 886 895 
886 450 876 885 887 896 
887 451 877 886 888 897 
888 452 878 887 889 898 
889 453 879 888 890 899 
890 454 880 889 891 900 
891 455 881 890 892 901 
892 456 882 891 902 
893 457 883 894 903 
894 458 884 893 895 904 
895 459 885 894 896 905 
896 460 886 895 897 906 907 
897 461 887 896 898 910 911 
898 462 888 897 899 920 921 
899 463 889 898 900 930 931 
900 464 890 899 901 934 
901 465 891 900 902 935 
902 466 892 901 936 
903 467 893 904 937 
904 468 894 903 905 938 
905 469 895 904 906 908 939 
906 470 896 905 907 908 
907 471 896 906 909 910 
908 472 905 906 909 940 
909 473 907 908 912 914 941 942 
910 474 897 907 911 912 913 
911 475 897 910 916 917 920 
912 476 909 910 913 914 
913 477 910 912 915 916 
914 478 909 912 915 950 951 
915 479 913 914 918 954 955 
916 480 911 913 917 918 
917 481 911 916 919 922 
918 482 915 916 919 966 967 
919 483 917 918 924 970 971 
920 484 898 911 921 922 923 
921 485 898 920 926 927 930 
922 486 917 920 923 924 
923 487 920 922 925 926 
924 488 919 922 925 1014 1015 
925 489 923 924 928 1018 1019 
926 490 921 923 927 928 
927 491 921 926 929 932 
928 492 925 926 929 1030 1031 
929 493 927 928 932 1034 1035 
930 494 899 921 931 932 
931 495 899 930 933 934 
932 496 927 929 930 933 1078 1079 
933 497 931 932 934 1082 
934 498 900 931 933 935 1088 
935 499 901 934 936 1089 
936 500 902 935 1090 
937 501 903 938 1091 
938 502 904 937 939 1092 
939 503 905 938 940 945 1093 
940 504 908 939 941 943 945 
941 505 909 940 942 943 
942 506 909 941 944 950 952 
943 507 940 941 944 946 
944 508 942 943 947 958 960 
945 509 939 940 946 948 1094 
946 510 943 945 947 948 
947 511 944 946 949 982 984 
948 512 945 946 949 1095 
949 513 947 948 990 992 1096 
950 514 914 942 951 952 
951 515 914 950 953 954 
952 516 942 950 953 958 
953 517 951 952 956 959 
954 518 915 951 955 956 
955 519 915 954 957 966 
956 520 953 954 957 962 
957 521 955 956 963 968 
958 522 944 952 959 960 
959 523 953 958 961 962 
960 524 944 958 961 982 
961 525 959 960 964 983 
962 526 956 959 963 964 
963 527 957 962 965 974 
964 528 961 962 965 986 
965 529 963 964 976 987 
966 530 918 955 967 968 
967 531 918 966 969 970 
968 532 957 966 969 974 
969 533 967 968 972 975 
970 534 919 967 971 972 
971 535 919 970 973 1014 
972 536 969 970 973 978 
973 537 971 972 979 1016 
974 538 963 968 975 976 
975 539 969 974 977 978 
976 540 965 974 977 998 
977 541 975 976 980 999 
978 542 972 975 979 980 
979 543 973 978 981 1022 
980 544 977 978 981 1002 
981 545 979 980 1003 1024 
982 546 947 960 983 984 
983 547 961 982 985 986 
984 548 947 982 985 990 
985 549 983 984 988 991 
986 550 964 983 987 988 
987 551 965 986 989 998 
988 552 985 986 989 994 
989 553 987 988 995 1000 
990 554 949 984 991 992 
991 555 985 990 993 994 
992 556 949 990 993 1104 
993 557 991 992 996 1105 
994 558 988 991 995 996 
995 559 989 994 997 1006 
996 560 993 994 997 1108 
997 561 995 996 1008 1109 
998 562 976 987 999 1000 
999 563 977 998 1001 1002 
1000 564 989 998 1001 1006 
1001 565 999 1000 1004 1007 
1002 566 980 999 1003 1004 
1003 567 981 1002 1005 1046 
1004 568 1001 1002 1005 1010 
1005 569 1003 1004 1011 1048 
1006 570 995 1000 1007 1008 
1007 571 1001 1006 1009 1010 
1008 572 997 1006 1009 1120 
1009 573 1007 1008 1012 1121 
1010 574 1004 1007 1011 1012 
1011 575 1005 1010 1013 1054 
1012 576 1009 1010 1013 1124 
1013 577 1011 1012 1056 1125 
1014 578 924 971 1015 1016 
1015 579 924 1014 1017 1018 
1016 580 973 1014 1017 1022 
1017 581 1015 1016 1020 1023 
1018 582 925 1015 1019 1020 
1019 583 925 1018 1021 1030 
1020 584 1017 1018 1021 1026 
1021 585 1019 1020 1027 1032 
1022 586 979 1016 1023 1024 
1023 587 1017 1022 1025 1026 
1024 588 981 1022 1025 1046 
1025 589 1023 1024 1028 1047 
1026 590 1020 1023 1027 1028 
1027 591 1021 1026 1029 1038 
1028 592 1025 1026 1029 1050 
1029 593 1027 1028 1040 1051 
1030 594 928 1019 1031 1032 
1031 595 928 1030 1033 1034 
1032 596 1021 1030 1033 1038 
1033 597 1031 1032 1036 1039 
1034 598 929 1031 1035 1036 
1035 599 929 1034 1037 1078 
1036 600 1033 1034 1037 1042 
1037 601 1035 1036 1043 1078 
1038 602 1027 1032 1039 1040 
1039 603 1033 1038 1041 1042 
1040 604 1029 1038 1041 1062 
1041 605 1039 1040 1044 1063 
1042 606 1036 1039 1043 1044 
1043 607 1037 1042 1045 1080 
1044 608 1041 1042 1045 1066 
1045 609 1043 1044 1067 1080 
1046 610 1003 1024 1047 1048 
1047 611 1025 1046 1049 1050 
1048 612 1005 1046 1049 1054 
1049 613 1047 1048 1052 1055 
1050 614 1028 1047 1051 1052 
1051 615 1029 1050 1053 1062 
1052 616 1049 1050 1053 1058 
1053 617 1051 1052 1059 1064 
1054 618 1011 1048 1055 1056 
1055 619 1049 1054 1057 1058 
1056 620 1013 1054 1057 1168 
1057 621 1055 1056 1060 1169 
1058 622 1052 1055 1059 1060 
1059 623 1053 1058 1061 1070 
1060 624 1057 1058 1061 1172 
1061 625 1059 1060 1072 1173 
1062 626 1040 1051 1063 1064 
1063 627 1041 1062 1065 1066 
1064 628 1053 1062 1065 1070 
1065 629 1063 1064 1068 1071 
1066 630 1044 1063 1067 1068 
1067 631 1045 1066 1069 1083 
1068 632 1065 1066 1069 1074 
1069 633 1067 1068 1075 1083 
1070 634 1059 1064 1071 1072 
1071 635 1065 1070 1073 1074 
1072 636 1061 1070 1073 1184 
1073 637 1071 1072 1076 1185 
1074 638 1068 1071 1075 1076 
1075 639 1069 1074 1077 1085 
1076 640 1073 1074 1077 1188 
1077 641 1075 1076 1085 1189 
1078 642 932 1035 1037 1079 1080 
1079 643 932 1078 1081 1082 
1080 644 1043 1045 1078 1081 1083 
1081 645 1079 1080 1082 1084 
1082 646 933 1079 1081 1087 1088 
1083 647 1067 1069 1080 1084 1085 
1084 648 1081 1083 1086 1087 
1085 649 1075 1077 1083 1086 1232 
1086 650 1084 1085 1087 1233 
1087 651 1082 1084 1086 1088 1236 
1088 652 934 1082 1087 1089 1242 
1089 653 935 1088 1090 1243 
1090 654 936 1089 1244 
1091 655 937 1092 1245 
1092 656 938 1091 1093 1246 
1093 657 939 1092 1094 1099 1247 
1094 658 945 1093 1095 1097 1099 
1095 659 948 1094 1096 1097 
1096 660 949 1095 1098 1104 1106 
1097 661 1094 1095 1098 1100 
1098 662 1096 1097 1101 1112 1114 
1099 663 1093 1094 1100 1102 1248 
1100 664 1097 1099 1101 1102 
1101 665 1098 1100 1103 1136 1138 
1102 666 1099 1100 1103 1249 
1103 667 1101 1102 1144 1146 1249 
1104 668 992 1096 1105 1106 
1105 669 993 1104 1107 1108 
1106 670 1096 1104 1107 1112 
1107 671 1105 1106 1110 1113 
1108 672 996 1105 1109 1110 
1109 673 997 1108 1111 1120 
1110 674 1107 1108 1111 1116 
1111 675 1109 1110 1117 1122 
1112 676 1098 1106 1113 1114 
1113 677 1107 1112 1115 1116 
1114 678 1098 1112 1115 1136 
1115 679 1113 1114 1118 1137 
1116 680 1110 1113 1117 1118 
1117 681 1111 1116 1119 1128 
1118 682 1115 1116 1119 1140 
1119 683 1117 1118 1130 1141 
1120 684 1008 1109 1121 1122 
1121 685 1009 1120 1123 1124 
1122 686 1111 1120 1123 1128 
1123 687 1121 1122 1126 1129 
1124 688 1012 1121 1125 1126 
1125 689 1013 1124 1127 1168 
1126 690 1123 1124 1127 1132 
1127 691 1125 1126 1133 1170 
1128 692 1117 1122 1129 1130 
1129 693 1123 1128 1131 1132 
1130 694 1119 1128 1131 1152 
1131 695 1129 1130 1134 1153 
1132 696 1126 1129 1133 1134 
1133 697 1127 1132 1135 1176 
1134 698 1131 1132 1135 1156 
1135 699 1133 1134 1157 1178 
1136 700 1101 1114 1137 1138 
1137 701 1115 1136 1139 1140 
1138 702 1101 1136 1139 1144 
1139 703 1137 1138 1142 1145 
1140 704 1118 1137 1141 1142 
1141 705 1119 1140 1143 1152 
1142 706 1139 1140 1143 1148 
1143 707 1141 1142 1149 1154 
1144 708 1103 1138 1145 1146 
1145 709 1139 1144 1147 1148 
1146 710 1103 1144 1147 1252 
1147 711 1145 1146 1150 1252 
1148 712 1142 1145 1149 1150 
1149 713 1143 1148 1151 1160 
1150 714 1147 1148 1151 1253 
1151 715 1149 1150 1162 1253 
1152 716 1130 1141 1153 1154 
1153 717 1131 1152 1155 1156 
1154 718 1143 1152 1155 1160 
1155 719 1153 1154 1158 1161 
1156 720 1134 1153 1157 1158 
1157 721 1135 1156 1159 1200 
1158 722 1155 1156 1159 1164 
1159 723 1157 1158 1165 1202 
1160 724 1149 1154 1161 1162 
1161 725 1155 1160 1163 1164 
1162 726 1151 1160 1163 1256 
1163 727 1161 1162 1166 1256 
1164 728 1158 1161 1165 1166 
1165 729 1159 1164 1167 1208 
1166 730 1163 1164 1167 1257 
1167 731 1165 1166 1210 1257 
1168 732 1056 1125 1169 1170 
1169 733 1057 1168 1171 1172 
1170 734 1127 1168 1171 1176 
1171 735 1169 1170 1174 1177 
1172 736 1060 1169 1173 1174 
1173 737 1061 1172 1175 1184 
1174 738 1171 1172 1175 1180 
1175 739 1173 1174 1181 1186 
1176 740 1133 1170 1177 1178 
1177 741 1171 1176 1179 1180 
1178 742 1135 1176 1179 1200 
1179 743 1177 1178 1182 1201 
1180 744 1174 1177 1181 1182 
1181 745 1175 1180 1183 1192 
1182 746 1179 1180 1183 1204 
1183 747 1181 1182 1194 1205 
1184 748 1072 1173 1185 1186 
1185 749 1073 1184 1187 1188 
1186 750 1175 1184 1187 1192 
1187 751 1185 1186 1190 1193 
1188 752 1076 1185 1189 1190 
1189 753 1077 1188 1191 1232 
1190 754 1187 1188 1191 1196 
1191 755 1189 1190 1197 1232 
1192 756 1181 1186 1193 1194 
1193 757 1187 1192 1195 1196 
1194 758 1183 1192 1195 1216 
1195 759 1193 1194 1198 1217 
1196 760 1190 1193 1197 1198 
1197 761 1191 1196 1199 1234 
1198 762 1195 1196 1199 1220 
1199 763 1197 1198 1221 1234 
1200 764 1157 1178 1201 1202 
1201 765 1179 1200 1203 1204 
1202 766 1159 1200 1203 1208 
1203 767 1201 1202 1206 1209 
1204 768 1182 1201 1205 1206 
1205 769 1183 1204 1207 1216 
1206 770 1203 1204 1207 1212 
1207 771 1205 1206 1213 1218 
1208 772 1165 1202 1209 1210 
1209 773 1203 1208 1211 1212 
1210 774 1167 1208 1211 1262 
1211 775 1209 1210 1214 1262 
1212 776 1206 1209 1213 1214 
1213 777 1207 1212 1215 1224 
1214 778 1211 1212 1215 1263 
1215 779 1213 1214 1226 1263 
1216 780 1194 1205 1217 1218 
1217 781 1195 1216 1219 1220 
1218 782 1207 1216 1219 1224 
1219 783 1217 1218 1222 1225 
1220 784 1198 1217 1221 1222 
1221 785 1199 1220 1223 1237 
1222 786 1219 1220 1223 1228 
1223 787 1221 1222 1229 1237 
1224 788 1213 1218 1225 1226 
1225 789 1219 1224 1227 1228 
1226 790 1215 1224 1227 1266 
1227 791 1225 1226 1230 1266 
1228 792 1222 1225 1229 1230 
1229 793 1223 1228 1231 1239 
1230 794 1227 1228 1231 1267 
1231 795 1229 1230 1239 1267 
1232 796 1085 1189 1191 1233 1234 
1233 797 1086 1232 1235 1236 
1234 798 1197 1199 1232 1235 1237 
1235 799 1233 1234 1236 1238 
1236 800 1087 1233 1235 1241 1242 
1237 801 1221 1223 1234 1238 1239 
1238 802 1235 1237 1240 1241 
1239 803 1229 1231 1237 1240 1272 
1240 804 1238 1239 1241 1272 
1241 805 1236 1238 1240 1242 1273 
1242 806 1088 1236 1241 1243 1276 
1243 807 1089 1242 1244 1277 
1244 808 1090 1243 1278 
1245 809 1091 1246 1279 
1246 810 1092 1245 1247 1280 
1247 811 1093 1246 1248 1250 1281 
1248 812 1099 1247 1249 1250 
1249 813 1102 1103 1248 1251 1252 1254 
1250 814 1247 1248 1251 1282 
1251 815 1249 1250 1260 1282 
1252 816 1146 1147 1249 1253 1254 
1253 817 1150 1151 1252 1255 1256 
1254 818 1249 1252 1255 1260 
1255 819 1253 1254 1258 1260 
1256 820 1162 1163 1253 1257 1258 
1257 821 1166 1167 1256 1259 1262 
1258 822 1255 1256 1259 1261 
1259 823 1257 1258 1261 1264 
1260 824 1251 1254 1255 1261 1283 
1261 825 1258 1259 1260 1270 1283 
1262 826 1210 1211 1257 1263 1264 
1263 827 1214 1215 1262 1265 1266 
1264 828 1259 1262 1265 1270 
1265 829 1263 1264 1268 1270 
1266 830 1226 1227 1263 1267 1268 
1267 831 1230 1231 1266 1269 1272 
1268 832 1265 1266 1269 1271 
1269 833 1267 1268 1271 1272 
1270 834 1261 1264 1265 1271 1284 
1271 835 1268 1269 1270 1274 1284 
1272 836 1239 1240 1267 1269 1273 1274 
1273 837 1241 1272 1275 1276 
1274 838 1271 1272 1275 1285 
1275 839 1273 1274 1276 1285 
1276 840 1242 1273 1275 1277 1286 
1277 841 1243 1276 1278 1287 
1278 842 1244 1277 1288 
1279 843 1245 1280 1289 
1280 844 1246 1279 1281 1290 
1281 845 1247 1280 1282 1291 
1282 846 1250 1251 1281 1283 1292 
1283 847 1260 1261 1282 1284 1293 
1284 848 1270 1271 1283 1285 1294 
1285 849 1274 1275 1284 1286 1295 
1286 850 1276 1285 1287 1296 
1287 851 1277 1286 1288 1297 
1288 852 1278 1287 1298 
1289 853 1279 1290 1299 
1290 854 1280 1289 1291 1300 
1291 855 1281 1290 1292 1301 
1292 856 1282 1291 1293 1302 
1293 857 1283 1292 1294 1303 
1294 858 1284 1293 1295 1304 
1295 859 1285 1294 1296 1305 
1296 860 1286 1295 1297 1306 
1297 861 1287 1296 1298 1307 
1298 862 1288 1297 1308 
1299 863 1289 1300 
1300 864 1290 1299 1301 
1301 865 1291 1300 1302 
1302 866 1292 1301 1303 
1303 867 1293 1302 1304 
1304 868 1294 1303 1305 
1305 869 1295 1304 1306 
1306 870 1296 1305 1307 
1307 871 1297 1306 1308 
1308 872 1298 1307 